Pattern: 1
1
1 2
1 2 3
1 2 3 4
1 2 3 4 5
1 2 3 4 5 6
1 2 3 4 5 6 7

Pattern: 2
1
1 2
1 2 3
1 2 3 4
1 2 3 4 5
1 2 3 4 5 6 7
1 2 3 4 5 6
1 2 3 4 5
1 2 3 4
1 2 3
1 2
1

Pattern: 3
1
2 2
3 3 3
4 4 4 4
5 5 5 5 5
6 6 6 6 6 6
7 7 7 7 7 7 7

Pattern: 4
7 6 5 4 3 2 1
7 6 5 4 3 2 
7 6 5 4 3 
7 6 5 4
7 6 5
7 6
7

Pattern: 5
1 2 3 4 5 6 7
1 2 3 4 5 6
1 2 3 4 5
1 2 3 4
1 2 3
1 2
1

Pattern: 6
7 6 5 4 3 2 1
6 5 4 3 2 1
5 4 3 2 1
4 3 2 1
3 2 1
2 1
1

Pattern: 7
7
7 6 
7 6 5
7 6 5 4
7 6 5 4 3
7 6 5 4 3 2 
7 6 5 4 3 2 1

Pattern: 8
1
1 2 1
1 2 3 2 1
1 2 3 4 3 2 1
1 2 3 4 5 4 3 2 1
1 2 3 4 5 6 5 4 3 2 1
1 2 3 4 5 6 7 6 5 4 3 2 1

Pattern: 9
1 2 3 4 5 6 7
1 2 3 4 5 6
1 2 3 4 5
1 2 3 4
1 2 3
1 2 
1 
1 2
1 2 3 
1 2 3 4 
1 2 3 4 5
1 2 3 4 5 6
1 2 3 4 5 6 7

Pattern: 10
1234567
  234567
    34567
      4567
        567
          67
            7
          67
        567
      4567
    34567
  234567
1234567

Pattern: 11
1
2 1
3 2 1
4 3 2 1
5 4 3 2 1 
6 5 4 3 2 1
7 6 5 4 3 2 1

Pttern: 12
1
10
101
1010
10101
101010 
1010101

Pattern: 13

1  2  3  4  5  6  7 
  2  3  4  5  6  7
    3  4  5  6  7
      4  5  6  7
        5  6  7
          6  7
           7
         6  7
       5  6  7
     4  5  6  7
   3  4  5  6  7
 2  3  4  5  6  7
1  2  3  4  5  6  7

Pattern: 14
1111111
1111122
1111333
1114444
1155555
1666666
7777777 

Pattern: 15
1010101
0101010
1010101
0101010
1010101
0101010
1010101

Pattern: 16
1
2 6
3 7 10 
4 8 11 13
5 9 12 14 15

Pattern: 17
1 2 3 4 5 6 7
2 3 4 5 6 7 1
3 4 5 6 7 1 2
4 5 6 7 1 2 3
5 6 7 1 2 3 4
6 7 1 2 3 4 5
7 1 2 3 4 5 6

Pattern: 18
1
2 3
4 5 6
7 8 9 10
11 12 13 14 15

Pattern: 19
1
2 2
3 3 3
4 4 4 4
5 5 5 5 5 
6 6 6 6 6 6
7 7 7 7 7 7 7

Pattern: 20
1
2 13
3 12 14
4 11 15 22
5 10 16 21 23
6 9 17 20 24 27
7 8 18 19 25 26 28
